IoU: 0.03829491
Cor: -0.02319093
