IoU: 0.03236958
Cor: -0.09227710
