IoU: 0.00028986
Cor: -0.00750842
