IoU: 0.03785750
Cor: 0.05661462
