IoU: 0.06987007
Cor: -0.08861018
