IoU: 0.11380658
Cor: -0.02513176
