IoU: 0.05163074
Cor: -0.03637885
