IoU: 0.03345491
Cor: -0.06692545
