IoU: 0.07301512
Cor: -0.03463930
