IoU: 0.04963050
Cor: -0.02021768
