IoU: 0.03827977
Cor: -0.08833179
