IoU: 0.10086708
Cor: -0.05614859
