IoU: 0.09288612
Cor: -0.04319451
