IoU: 0.00415090
Cor: -0.01221606
