IoU: 0.06982240
Cor: -0.09016006
