IoU: 0.07271567
Cor: -0.03380453
