IoU: 0.11694778
Cor: -0.11627914
