IoU: 0.05168618
Cor: -0.01884999
