IoU: 0.06932013
Cor: -0.08820390
