IoU: 0.12460989
Cor: -0.00988188
