IoU: 0.06739193
Cor: -0.08729781
