IoU: 0.09286289
Cor: -0.02225675
