IoU: 0.04520807
Cor: -0.01733339
