IoU: 0.06941454
Cor: -0.08858031
