IoU: 0.08301111
Cor: -0.04981335
