IoU: 0.04909696
Cor: -0.01894474
