IoU: 0.05023808
Cor: -0.03641181
