IoU: 0.03350441
Cor: -0.06411154
