IoU: 0.07461046
Cor: -0.03328050
