IoU: 0.06946105
Cor: -0.09015965
