IoU: 0.05469855
Cor: -0.03388047
