IoU: 0.04873548
Cor: -0.01914684
