IoU: 0.04393842
Cor: -0.02576382
