IoU: 0.02905887
Cor: -0.01241405
