IoU: 0.05412215
Cor: -0.06212353
