IoU: 0.00263266
Cor: -0.02127928
