IoU: 0.12571810
Cor: 0.00327418
