IoU: 0.15654321
Cor: -0.00240099
