IoU: 0.01983717
Cor: -0.03332772
