IoU: 0.12710090
Cor: 0.00987853
