IoU: 0.13729392
Cor: -0.00139794
