IoU: 0.01925284
Cor: -0.03813480
