IoU: 0.04355471
Cor: -0.02369877
