IoU: 0.03049248
Cor: -0.07126922
