IoU: 0.03566228
Cor: -0.02473190
