IoU: 0.02993911
Cor: -0.02154213
