IoU: 0.04114320
Cor: -0.02282322
