IoU: 0.02808081
Cor: -0.01948369
