IoU: 0.10608661
Cor: -0.05327594
