IoU: 0.11799665
Cor: -0.01594297
