IoU: 0.16884415
Cor: 0.00641908
