IoU: 0.02458676
Cor: -0.02658740
