IoU: 0.04755175
Cor: -0.01992699
