IoU: 0.03748666
Cor: -0.09867569
