IoU: 0.06984282
Cor: -0.08852835
