IoU: 0.10281969
Cor: -0.05974490
