IoU: 0.03631594
Cor: -0.02491658
