IoU: 0.03048125
Cor: -0.00366740
