IoU: 0.10428660
Cor: -0.04830261
