IoU: 0.08166435
Cor: -0.05041806
