IoU: 0.14610141
Cor: -0.02379778
