IoU: 0.01929774
Cor: -0.01877113
