IoU: 0.04665201
Cor: -0.01990474
