IoU: 0.10542375
Cor: -0.05060479
