IoU: 0.13037821
Cor: 0.00244859
