IoU: 0.16217635
Cor: -0.00143574
