IoU: 0.02054031
Cor: -0.03732161
