IoU: 0.06983104
Cor: -0.03147889
