IoU: 0.06980486
Cor: -0.08883395
