IoU: 0.08000000
Cor: 0.06000000
