IoU: 0.08275813
Cor: -0.05934055
