IoU: 0.12684547
Cor: 0.01288220
