IoU: 0.10438093
Cor: -0.05287403
