IoU: 0.10826676
Cor: -0.05073318
