IoU: 0.17025651
Cor: 0.00479948
