IoU: 0.02531832
Cor: -0.02757949
