IoU: 0.03924620
Cor: -0.02389642
