IoU: 0.02851711
Cor: -0.01422590
