IoU: 0.03577028
Cor: -0.07644023
