IoU: 0.10604516
Cor: -0.05242911
