IoU: 0.17398966
Cor: 0.00126496
