IoU: 0.02571530
Cor: -0.02015432
