IoU: 0.05869332
Cor: -0.02252148
