IoU: 0.05009517
Cor: -0.03639194
