IoU: 0.08552632
Cor: 0.08073360
