IoU: 0.04205972
Cor: -0.02438518
