IoU: 0.00560521
Cor: 0.01092043
