IoU: 0.10724565
Cor: -0.04148920
