IoU: 0.11746387
Cor: 0.01402554
