IoU: 0.08520886
Cor: -0.00710067
