IoU: 0.00324930
Cor: 0.00133070
