IoU: 0.01457888
Cor: -0.04020627
