IoU: 0.07615963
Cor: -0.03140356
