IoU: 0.05439596
Cor: -0.04113417
