IoU: 0.15888782
Cor: -0.02562162
