IoU: 0.01017527
Cor: -0.01511168
