IoU: 0.04531018
Cor: -0.12381599
