IoU: 0.04171943
Cor: -0.02522567
