IoU: 0.02956614
Cor: -0.01557264
