IoU: 0.04088346
Cor: -0.02052231
