IoU: 0.06983732
Cor: -0.08872466
