IoU: 0.08760063
Cor: -0.06804968
