IoU: 0.03821052
Cor: -0.02118981
