IoU: 0.03191510
Cor: -0.09191989
