IoU: 0.02774331
Cor: 0.03903574
