IoU: 0.10553979
Cor: -0.05045865
