IoU: 0.12499750
Cor: -0.00866534
