IoU: 0.16632638
Cor: 0.00236793
