IoU: 0.02097858
Cor: -0.03413763
