IoU: 0.10434174
Cor: -0.05178104
