IoU: 0.07436127
Cor: -0.04870812
