IoU: 0.16270081
Cor: -0.00656749
