IoU: 0.01940813
Cor: -0.02824679
