IoU: 0.04367701
Cor: -0.02359525
