IoU: 0.02861261
Cor: -0.01474287
