IoU: 0.04155003
Cor: -0.06922459
