IoU: 0.00124406
Cor: -0.01833416
