IoU: 0.04917299
Cor: -0.02001407
