IoU: 0.04488598
Cor: -0.02018748
