IoU: 0.04561343
Cor: -0.10787725
