IoU: 0.10625380
Cor: -0.05222352
