IoU: 0.11671614
Cor: -0.02186101
