IoU: 0.15907106
Cor: -0.00403150
