IoU: 0.02290996
Cor: -0.03234812
