IoU: 0.06447040
Cor: -0.02399469
