IoU: 0.10518006
Cor: -0.05034840
