IoU: 0.12725486
Cor: 0.01063786
