IoU: 0.14090484
Cor: 0.00782678
