IoU: 0.01941414
Cor: -0.04307689
