IoU: 0.00716137
Cor: -0.01682069
