IoU: 0.10494506
Cor: -0.05309347
