IoU: 0.08325402
Cor: 0.01506913
