IoU: 0.03967199
Cor: -0.01460265
