IoU: 0.00599970
Cor: -0.00839361
