IoU: 0.01532156
Cor: -0.03451309
