IoU: 0.07591382
Cor: -0.04182620
