IoU: 0.08546180
Cor: -0.05202583
