IoU: 0.03621993
Cor: -0.01595453
