IoU: 0.09930371
Cor: -0.04020911
