IoU: 0.00759154
Cor: -0.00581596
