IoU: 0.03602291
Cor: -0.02536005
