IoU: 0.02823820
Cor: -0.02078956
