IoU: 0.10642125
Cor: -0.05217619
