IoU: 0.17582927
Cor: 0.00109267
