IoU: 0.02472824
Cor: -0.02289842
