IoU: 0.10250419
Cor: -0.06049684
