IoU: 0.07009609
Cor: -0.08975137
