IoU: 0.04517050
Cor: -0.03552673
