IoU: 0.13333377
Cor: -0.02038817
