IoU: 0.10117693
Cor: -0.07447502
