IoU: 0.06880028
Cor: -0.08553367
