IoU: 0.12708706
Cor: 0.00996123
