IoU: 0.07111209
Cor: -0.02952612
