IoU: 0.04192716
Cor: -0.01992875
