IoU: 0.02666667
Cor: -0.00003941
