IoU: 0.04450578
Cor: -0.11644259
