IoU: 0.04486056
Cor: -0.02296465
