IoU: 0.03765561
Cor: -0.06621446
