IoU: 0.00000000
Cor: -0.02120696
