IoU: 0.10573368
Cor: -0.05182752
