IoU: 0.12852473
Cor: 0.00602698
