IoU: 0.14332245
Cor: 0.00822226
