IoU: 0.01902095
Cor: -0.03873628
