IoU: 0.06870936
Cor: -0.08779510
