IoU: 0.12882449
Cor: 0.00958776
