IoU: 0.10580543
Cor: -0.05518132
