IoU: 0.11323605
Cor: -0.04348941
