IoU: 0.16571893
Cor: -0.00409400
