IoU: 0.02364736
Cor: -0.02847530
