IoU: 0.10026108
Cor: -0.05713985
