IoU: 0.03222994
Cor: 0.00148563
