IoU: 0.09976629
Cor: -0.04474032
