IoU: 0.00578953
Cor: -0.00629912
