IoU: 0.03347548
Cor: -0.01335741
