IoU: 0.09621452
Cor: -0.05276747
