IoU: 0.16264031
Cor: -0.00628340
