IoU: 0.02317945
Cor: -0.01553192
