IoU: 0.10516973
Cor: -0.05285362
