IoU: 0.10639340
Cor: -0.04911421
