IoU: 0.16991842
Cor: -0.00048678
