IoU: 0.02472377
Cor: -0.02503461
