IoU: 0.02040816
Cor: -0.13194243
