IoU: 0.06984842
Cor: -0.08855097
