IoU: 0.10224221
Cor: -0.05619252
