IoU: 0.06985025
Cor: -0.08795570
