IoU: 0.11105348
Cor: -0.04780050
