IoU: 0.09117641
Cor: -0.05003497
