IoU: 0.05930123
Cor: -0.03267259
