IoU: 0.10440481
Cor: -0.05039644
