IoU: 0.08450010
Cor: -0.05594841
