IoU: 0.15925050
Cor: -0.00614396
