IoU: 0.01919831
Cor: -0.02459998
