IoU: 0.05581266
Cor: -0.01693389
