IoU: 0.09659329
Cor: -0.05885218
