IoU: 0.02988240
Cor: -0.01068690
