IoU: 0.09079892
Cor: -0.04099956
