IoU: 0.02591701
Cor: -0.00820277
