IoU: 0.06806320
Cor: -0.08545887
