IoU: 0.11762010
Cor: 0.02204770
