IoU: 0.00330532
Cor: 0.00143156
