IoU: 0.00436559
Cor: -0.00118922
