IoU: 0.10526378
Cor: -0.05140246
