IoU: 0.07482571
Cor: -0.06404073
