IoU: 0.15107987
Cor: -0.02592922
