IoU: 0.01639184
Cor: -0.03175153
