IoU: 0.05583634
Cor: -0.01603428
