IoU: 0.10472671
Cor: -0.04993994
