IoU: 0.04579921
Cor: -0.03902456
