IoU: 0.13144667
Cor: -0.04099504
