IoU: 0.00795996
Cor: -0.01391761
