IoU: 0.06914353
Cor: -0.08750301
