IoU: 0.12764476
Cor: 0.00288367
