IoU: 0.04768138
Cor: -0.02458747
