IoU: 0.02001310
Cor: 0.00438923
