IoU: 0.05474643
Cor: -0.03709092
