IoU: 0.04188344
Cor: -0.02503381
