IoU: 0.03009168
Cor: -0.00833180
