IoU: 0.05264364
Cor: -0.03992107
