IoU: 0.11318614
Cor: -0.03673036
