IoU: 0.16482634
Cor: -0.00212755
