IoU: 0.02452860
Cor: -0.02197603
