IoU: 0.06944484
Cor: -0.08947149
