IoU: 0.08616038
Cor: -0.05065558
