IoU: 0.04968044
Cor: -0.02001915
