IoU: 0.05666659
Cor: -0.10043699
