IoU: 0.02040816
Cor: 0.02881606
