IoU: 0.04369114
Cor: -0.02516015
