IoU: 0.02877558
Cor: -0.01964303
