IoU: 0.04086194
Cor: -0.07909133
