IoU: 0.00123481
Cor: -0.01634372
