IoU: 0.10470766
Cor: -0.05462226
