IoU: 0.08845185
Cor: -0.05014602
