IoU: 0.16848563
Cor: -0.00146299
