IoU: 0.01939201
Cor: -0.02673034
