IoU: 0.03534545
Cor: -0.02285341
