IoU: 0.02671202
Cor: -0.01952144
