IoU: 0.10426257
Cor: -0.05286557
