IoU: 0.05660004
Cor: -0.03422074
