IoU: 0.15790084
Cor: -0.01764136
