IoU: 0.00997760
Cor: -0.01752952
