IoU: 0.06968181
Cor: -0.08608790
