IoU: 0.12909792
Cor: 0.00227175
