IoU: 0.06944350
Cor: -0.08883395
