IoU: 0.07517424
Cor: -0.05316517
