IoU: 0.13000000
Cor: 0.10000000
