IoU: 0.02880780
Cor: -0.02173792
