IoU: 0.10460741
Cor: -0.05458206
