IoU: 0.09535317
Cor: -0.05275329
