IoU: 0.17201570
Cor: 0.01264953
