IoU: 0.02550449
Cor: -0.02562486
