IoU: 0.06980471
Cor: -0.08870097
