IoU: 0.11458689
Cor: -0.02690041
