IoU: 0.06208629
Cor: -0.02345350
