IoU: 0.06934397
Cor: -0.08855818
