IoU: 0.10817536
Cor: -0.04774331
