IoU: 0.05658267
Cor: -0.03783013
