IoU: 0.15185284
Cor: -0.02732249
