IoU: 0.06937421
Cor: -0.08824816
