IoU: 0.11284594
Cor: -0.04328629
