IoU: 0.04967143
Cor: -0.03042404
