IoU: 0.03370439
Cor: -0.04966550
