IoU: 0.10539430
Cor: -0.05143176
