IoU: 0.04516580
Cor: -0.03819950
