IoU: 0.13232528
Cor: -0.04151176
