IoU: 0.00809197
Cor: -0.01391761
