IoU: 0.00717842
Cor: -0.01682069
