IoU: 0.10127205
Cor: -0.07377880
