IoU: 0.02796296
Cor: -0.02094319
