IoU: 0.03645421
Cor: -0.02542236
