IoU: 0.02947064
Cor: -0.01538755
