IoU: 0.03873091
Cor: -0.02473322
