IoU: 0.02676804
Cor: -0.01818896
