IoU: 0.03397915
Cor: -0.09105641
