IoU: 0.00131550
Cor: -0.00849889
