IoU: 0.03839665
Cor: 0.05608531
