IoU: 0.02001307
Cor: 0.00544357
