IoU: 0.09796131
Cor: -0.05049787
