IoU: 0.02967532
Cor: 0.00805844
