IoU: 0.00205287
Cor: -0.01075662
