IoU: 0.06935595
Cor: -0.08926686
