IoU: 0.09310074
Cor: -0.05827690
