IoU: 0.10110399
Cor: -0.05704464
