IoU: 0.09944227
Cor: 0.03995241
