IoU: 0.04179121
Cor: -0.01648404
