IoU: 0.00147541
Cor: -0.00509041
