IoU: 0.01513417
Cor: -0.03641666
