IoU: 0.06177418
Cor: -0.02660349
