IoU: 0.10459958
Cor: -0.04898570
