IoU: 0.06898689
Cor: -0.03403813
