IoU: 0.14244572
Cor: -0.02054584
