IoU: 0.01211509
Cor: -0.02356669
