IoU: 0.06962011
Cor: -0.08987429
