IoU: 0.04224312
Cor: -0.03238683
