IoU: 0.13396329
Cor: 0.00548422
