IoU: 0.10631420
Cor: -0.04604037
