IoU: 0.11809411
Cor: 0.01540874
