IoU: 0.08879823
Cor: -0.00583544
