IoU: 0.01448655
Cor: -0.03979564
