IoU: 0.05284175
Cor: -0.01804855
