IoU: 0.04405036
Cor: -0.03093905
