IoU: 0.13000000
Cor: 0.07910329
