IoU: 0.10489439
Cor: -0.05190335
