IoU: 0.12393838
Cor: -0.00969371
