IoU: 0.15997662
Cor: -0.00012197
