IoU: 0.02261420
Cor: -0.03197569
