IoU: 0.03881019
Cor: -0.02387028
