IoU: 0.03117980
Cor: -0.07700588
