IoU: 0.00014493
Cor: -0.02037077
