IoU: 0.04148792
Cor: -0.02458546
