IoU: 0.02988309
Cor: -0.02173167
