IoU: 0.06169983
Cor: -0.06867054
