IoU: 0.02851388
Cor: 0.00748576
