IoU: 0.05885562
Cor: -0.00950466
