IoU: 0.06982563
Cor: -0.08821736
