IoU: 0.11675722
Cor: -0.02363268
