IoU: 0.06611940
Cor: -0.02728707
