IoU: 0.04157450
Cor: -0.02523580
