IoU: 0.02818218
Cor: -0.02125486
