IoU: 0.04367924
Cor: -0.02367777
