IoU: 0.03266915
Cor: -0.07857210
