IoU: 0.00113654
Cor: -0.01674489
