IoU: 0.04357882
Cor: -0.02377511
