IoU: 0.02766409
Cor: -0.07106526
