IoU: 0.07831762
Cor: -0.05269639
