IoU: 0.16203595
Cor: -0.00734852
