IoU: 0.10529116
Cor: -0.05480459
