IoU: 0.08848347
Cor: -0.06492851
