IoU: 0.16600360
Cor: -0.01845018
