IoU: 0.02119478
Cor: -0.02374605
