IoU: 0.08068697
Cor: -0.05129528
