IoU: 0.14955682
Cor: -0.01492791
