IoU: 0.10459623
Cor: -0.05596222
