IoU: 0.10630972
Cor: -0.04360863
