IoU: 0.16824934
Cor: 0.00829023
