IoU: 0.02563172
Cor: -0.02384279
