IoU: 0.10539705
Cor: -0.05329347
