IoU: 0.08878630
Cor: -0.06710673
