IoU: 0.15527497
Cor: -0.01762789
