IoU: 0.02193289
Cor: -0.02071285
