IoU: 0.04960112
Cor: -0.02285493
