IoU: 0.03370439
Cor: -0.07324291
