IoU: 0.10533064
Cor: -0.05401066
