IoU: 0.10373388
Cor: -0.04861054
