IoU: 0.16830209
Cor: 0.00292812
