IoU: 0.02180747
Cor: -0.02268361
