IoU: 0.19578422
Cor: -0.13069722
