IoU: 0.05869332
Cor: -0.01959825
