IoU: 0.10575241
Cor: -0.05394557
