IoU: 0.11399702
Cor: -0.03991577
