IoU: 0.16923167
Cor: -0.00736125
