IoU: 0.02504345
Cor: -0.02526576
