IoU: 0.06056832
Cor: -0.02442213
