IoU: 0.08443579
Cor: -0.04841230
