IoU: 0.15653227
Cor: -0.01636853
