IoU: 0.01806716
Cor: -0.02526903
