IoU: 0.04328837
Cor: -0.02367778
