IoU: 0.03105310
Cor: -0.08207577
