IoU: 0.00043478
Cor: -0.00730984
