IoU: 0.04870879
Cor: 0.06336837
