IoU: 0.02777814
Cor: -0.01868623
