IoU: 0.03360473
Cor: -0.08275320
