IoU: 0.00146042
Cor: -0.00829013
