IoU: 0.06983496
Cor: 0.06284615
