IoU: 0.12814057
Cor: 0.00670569
