IoU: 0.06848221
Cor: -0.08937754
