IoU: 0.12488695
Cor: 0.01208469
