IoU: 0.06936191
Cor: -0.08959022
