IoU: 0.06934084
Cor: -0.03137492
