IoU: 0.14916543
Cor: -0.00218823
