IoU: 0.04128079
Cor: -0.01977600
