IoU: 0.10504001
Cor: -0.05088097
