IoU: 0.12691365
Cor: 0.00531502
