IoU: 0.14100801
Cor: 0.00427168
