IoU: 0.00434409
Cor: -0.00121528
