IoU: 0.01919412
Cor: -0.03714422
