IoU: 0.10530235
Cor: -0.05162244
