IoU: 0.08285767
Cor: -0.05847509
