IoU: 0.15782460
Cor: -0.02056327
