IoU: 0.01922883
Cor: -0.02674730
