IoU: 0.06975118
Cor: -0.08878079
