IoU: 0.09507585
Cor: -0.05913349
