IoU: 0.10518607
Cor: -0.05292662
