IoU: 0.07546942
Cor: -0.03358761
