IoU: 0.15318704
Cor: -0.02094936
