IoU: 0.01093717
Cor: -0.02117162
