IoU: 0.11685752
Cor: -0.11155298
