IoU: 0.06938842
Cor: -0.08855090
