IoU: 0.10366781
Cor: -0.05166939
