IoU: 0.04295504
Cor: -0.02171047
