IoU: 0.03099688
Cor: -0.08296215
