IoU: 0.02938013
Cor: 0.04197452
