IoU: 0.03394494
Cor: -0.07808772
