IoU: 0.00113654
Cor: -0.02131190
