IoU: 0.05213820
Cor: -0.03638413
