IoU: 0.03525887
Cor: -0.02054073
