IoU: 0.02666667
Cor: -0.01508550
