IoU: 0.08824681
Cor: -0.07123851
