IoU: 0.05871700
Cor: -0.01913271
