IoU: 0.06828495
Cor: -0.08909454
