IoU: 0.12127692
Cor: -0.00444619
