IoU: 0.00785015
Cor: -0.01606410
