IoU: 0.05170986
Cor: -0.01794215
