IoU: 0.09717103
Cor: -0.05677653
