IoU: 0.16533421
Cor: -0.00683483
