IoU: 0.02434292
Cor: -0.01523105
