IoU: 0.04740360
Cor: -0.02025834
