IoU: 0.05468732
Cor: -0.10973563
