IoU: 0.03594992
Cor: -0.02427950
