IoU: 0.06772087
Cor: -0.08700746
