IoU: 0.11848420
Cor: 0.02350464
