IoU: 0.06973663
Cor: -0.09013977
