IoU: 0.07312582
Cor: -0.06589607
