IoU: 0.10476194
Cor: -0.05083780
