IoU: 0.12550748
Cor: 0.00399495
