IoU: 0.16052061
Cor: -0.00012200
