IoU: 0.02174638
Cor: -0.03305967
