IoU: 0.06819218
Cor: -0.08391593
