IoU: 0.12365855
Cor: 0.01361017
