IoU: 0.00786707
Cor: -0.01606410
