IoU: 0.07520200
Cor: -0.03070063
