IoU: 0.10431901
Cor: -0.05127875
