IoU: 0.04214322
Cor: -0.03513413
