IoU: 0.13601635
Cor: -0.01110575
