IoU: 0.00744723
Cor: -0.01426289
