IoU: 0.03897986
Cor: -0.02551277
