IoU: 0.02725585
Cor: -0.01638474
