IoU: 0.03808044
Cor: -0.08109368
