IoU: 0.02858918
Cor: -0.01588788
