IoU: 0.03842700
Cor: -0.07451890
