IoU: 0.03900070
Cor: -0.02327315
