IoU: 0.03572417
Cor: -0.07498531
