IoU: 0.10563406
Cor: -0.05277665
