IoU: 0.12426331
Cor: 0.00841184
