IoU: 0.13739507
Cor: 0.00704401
