IoU: 0.01965581
Cor: -0.03952654
