IoU: 0.06677448
Cor: -0.08185775
