IoU: 0.02992551
Cor: -0.00893774
