IoU: 0.09077569
Cor: -0.02006180
