IoU: 0.06752949
Cor: -0.08676106
