IoU: 0.03227767
Cor: 0.00154607
