IoU: 0.09953176
Cor: -0.02711728
