IoU: 0.02747447
Cor: -0.02222242
