IoU: 0.06951368
Cor: -0.08883674
