IoU: 0.07214793
Cor: -0.04893820
