IoU: 0.04897057
Cor: -0.01888496
