IoU: 0.03872691
Cor: -0.02574829
