IoU: 0.02883160
Cor: -0.01880820
