IoU: 0.03622896
Cor: -0.07686798
