IoU: 0.10481350
Cor: -0.05499536
