IoU: 0.11538171
Cor: -0.03809238
