IoU: 0.16265300
Cor: 0.00206042
