IoU: 0.02423205
Cor: -0.02490295
