IoU: 0.01129431
Cor: -0.14249957
