IoU: 0.01054429
Cor: -0.08144656
