IoU: 0.01680140
Cor: -0.10196031
