IoU: 0.03173922
Cor: -0.13428726
