IoU: 0.01128503
Cor: -0.13809346
