IoU: 0.01276889
Cor: -0.13793562
