IoU: 0.01357837
Cor: -0.08453184
