IoU: 0.11124926
Cor: 0.03174924
