IoU: 0.08000000
Cor: -0.00776711
