IoU: 0.08672280
Cor: -0.00343059
