IoU: 0.10860488
Cor: 0.05373268
