IoU: 0.08518519
Cor: -0.01099902
