IoU: 0.04185645
Cor: 0.01887977
