IoU: 0.04071691
Cor: -0.03272469
