IoU: 0.04071691
Cor: -0.05511543
