IoU: 0.04128121
Cor: -0.06059677
