IoU: 0.04170000
Cor: -0.06955945
