IoU: 0.04209975
Cor: -0.05162248
