IoU: 0.04887945
Cor: 0.01176682
