IoU: 0.05356934
Cor: -0.01318350
