IoU: 0.06216805
Cor: -0.01166371
