IoU: 0.05374331
Cor: 0.02520304
