IoU: 0.04194860
Cor: -0.05844690
