IoU: 0.04008114
Cor: -0.06798505
