IoU: 0.05639013
Cor: 0.03012108
