IoU: 0.04142657
Cor: -0.03838649
