IoU: 0.10084770
Cor: -0.06923831
