IoU: 0.08201438
Cor: -0.01607237
