IoU: 0.06505098
Cor: -0.01637251
