IoU: 0.07995310
Cor: -0.01242377
