IoU: 0.08937806
Cor: -0.01631772
