IoU: 0.10446081
Cor: -0.04116204
