IoU: 0.06029851
Cor: -0.01173777
