IoU: 0.08239495
Cor: -0.08447374
