IoU: 0.03936139
Cor: -0.02592971
