IoU: 0.02921059
Cor: -0.00826790
