IoU: 0.04966314
Cor: -0.06934464
