IoU: 0.00000000
Cor: 0.00022628
