IoU: 0.00250295
Cor: -0.01986818
