IoU: 0.06997053
Cor: -0.04517297
