IoU: 0.16342960
Cor: -0.01191253
