IoU: 0.01010101
Cor: 0.00000000
