IoU: 0.01455180
Cor: -0.02661676
