IoU: 0.05164108
Cor: -0.01871246
