IoU: 0.04754651
Cor: -0.02039471
