IoU: 0.06808393
Cor: -0.08638919
