IoU: 0.12701283
Cor: 0.01145812
