IoU: 0.04672079
Cor: -0.02003404
