IoU: 0.06483945
Cor: -0.07722125
