IoU: 0.03739191
Cor: -0.01876914
